0.0000
-0.0185
-0.0185
-0.0185
-0.0185
-0.0185
-0.0185
-0.0185
-0.0185
-0.0185
-0.0185
-0.0185
-0.0185
-0.0185
-0.0370
-0.0185
-0.0185
-0.0185
-0.0185
-0.0185
0.0000
-0.0185
-0.0185
-0.0185
0.0000
-0.0185
-0.0185
0.0000
-0.0185
-0.0185
-0.0185
-0.0370
0.0000
-0.0185
-0.0185
-0.0185
-0.0185
0.0000
-0.0185
-0.0370
-0.0185
-0.0185
0.0000
-0.0185
-0.0185
-0.0185
-0.0185
-0.0185
0.0000
-0.0185
-0.0185
-0.0185
-0.0185
-0.0185
-0.0185
-0.0185
-0.0185
0.0000
0.0000
-0.0185
0.0000
-0.0185
-0.0185
-0.0185
-0.0185
0.0000
-0.0185
0.0000
0.0000
-0.0185
-0.0185
-0.0185
-0.0185
-0.0185
-0.0185
-0.0185
-0.0185
-0.0185
-0.0185
-0.0185
-0.0185
-0.0185
-0.0185
-0.0185
-0.0185
-0.0185
-0.0185
-0.0185
-0.0185
-0.0185
-0.0185
-0.0185
0.0000
-0.0185
-0.0185
0.0000
0.0000
-0.0185
-0.0185
-0.0185
-0.0185
0.0000
-0.0185
-0.0185
-0.0185
-0.0185
0.0000
-0.0185
-0.0185
-0.0185
-0.0185
-0.0185
-0.0185
-0.0185
-0.0185
0.0000
-0.0185
-0.0185
0.0000
-0.0185
-0.0185
-0.0185
0.0000
0.0000
0.0000
-0.0185
-0.0185
0.0000
-0.0185
0.0000
-0.0185
-0.0185
-0.0185
-0.0185
0.0000
-0.0185
0.0000
-0.0185
0.0000
-0.0185
-0.0185
0.0000
-0.0185
-0.0185
-0.0185
0.0000
0.0000
0.0000
0.0185
0.0370
0.0370
0.0554
0.0554
0.0554
0.0739
0.0924
0.1109
0.1109
0.1294
0.1294
0.1478
0.1663
0.1848
0.2033
0.2033
0.2218
0.2218
0.2402
0.2402
0.2587
0.2772
0.2772
0.2772
0.2957
0.2957
0.2957
0.2957
0.3142
0.3142
0.3142
0.3326
0.3142
0.3326
0.3326
0.3326
0.3326
0.3511
0.3326
0.3511
0.3511
0.3696
0.3696
0.3696
0.3696
0.3881
0.3881
0.3696
0.3881
0.3881
0.3881
0.3881
0.3881
0.4066
0.4066
0.4250
0.4250
0.4250
0.4435
0.4435
0.4435
0.4620
0.4620
0.4620
0.4435
0.4435
0.4620
0.4435
0.4620
0.4620
0.4435
0.4435
0.4435
0.4620
0.4435
0.4435
0.4435
0.4435
0.4620
0.4435
0.4435
0.4435
0.4620
0.4435
0.4620
0.4620
0.4620
0.4620
0.4620
0.4620
0.4435
0.4435
0.4620
0.4435
0.4620
0.4435
0.4435
0.4435
0.4620
0.4435
0.4435
0.4435
0.4435
0.4435
0.4250
0.4250
0.4250
0.4435
0.4250
0.4250
0.4250
0.4250
0.4250
0.4435
0.4250
0.4250
0.4250
0.4250
0.4250
0.4250
0.4250
0.4250
0.4250
0.4250
0.4250
0.4250
0.4066
0.4250
0.4250
0.4250
0.4250
0.4250
0.4066
0.4066
0.4250
0.4250
0.4250
0.4066
0.4250
0.4066
0.4250
0.4066
0.4066
0.4066
0.4066
0.4066
0.3881
0.3881
0.3881
0.3881
0.3881
0.3881
0.3696
0.3696
0.3696
0.3511
0.3511
0.3511
0.3511
0.3696
0.3696
0.3696
0.3696
0.3696
0.3696
0.3696
0.3696
0.3696
0.3511
0.3511
0.3511
0.3326
0.3326
0.3326
0.3326
0.3142
0.3142
0.2957
0.2957
0.2957
0.2957
0.2772
0.2957
0.2772
0.2772
0.2772
0.2957
0.2957
0.2957
0.2957
0.2957
0.2957
0.2957
0.2957
0.3142
0.2957
0.3142
0.2957
0.3142
0.2957
0.3142
0.3142
0.3142
0.3142
0.3326
0.3326
0.3511
0.3511
0.3511
0.3696
0.3696
0.3696
0.3696
0.3881
0.3696
0.3696
0.3696
0.3696
0.3696
0.3696
0.3696
0.3696
0.3696
0.3696
0.3696
0.3696
0.3696
0.3881
0.3881
0.3881
0.3881
0.3881
0.3881
0.4066
0.4066
0.3881
0.3881
0.4066
0.4066
0.3881
0.4066
0.3881
0.4066
0.3881
0.3881
0.3881
0.3696
0.3696
0.3696
0.3696
0.3696
0.3696
0.3511
0.3696
0.3511
0.3511
0.3511
0.3511
0.3511
0.3511
0.3326
0.3326
0.3326
0.3326
0.3142
0.3326
0.3142
0.2957
0.2957
0.2772
0.2772
0.2772
0.2587
0.2587
0.2402
0.2402
0.2218
0.2033
0.1848
0.1663
0.1478
0.1294
0.1109
0.1109
0.0924
0.0924
0.0924
0.0924
0.0924
0.0739
0.0739
0.0739
0.0739
0.0739
0.0924
0.0924
0.0924
0.0924
0.1109
0.0924
0.1109
0.1109
0.1109
0.1109
0.1109
0.1109
0.1109
0.1109
0.1109
0.1109
0.1109
0.1109
0.1294
0.1109
0.1294
0.1109
0.1109
0.1109
0.1109
0.0924
0.0924
0.0924
0.0739
0.0739
0.0739
0.0739
0.0739
0.0554
0.0554
0.0554
0.0554
0.0370
0.0370
0.0370
0.0185
0.0185
0.0000
-0.0185
-0.0185
-0.0370
-0.0370
-0.0554
-0.0739
-0.0924
-0.0924
-0.0924
-0.1109
-0.1109
-0.1478
-0.1478
-0.1663
-0.1848
-0.1663
-0.1848
-0.1848
-0.2033
-0.2033
-0.2033
-0.2033
-0.2033
-0.2033
-0.2033
-0.2033
-0.2033
-0.2033
-0.2033
-0.2033
-0.2033
-0.2033
-0.2033
-0.2033
-0.2033
-0.2033
-0.1848
-0.1848
-0.2033
-0.1848
-0.2033
-0.1848
-0.1848
-0.1848
-0.1848
-0.1848
-0.1848
-0.1848
-0.1848
-0.1848
-0.1848
-0.1848
-0.1848
-0.1848
-0.1848
-0.1848
-0.2033
-0.1848
-0.2033
-0.1848
-0.1848
-0.2033
-0.2033
-0.2033
-0.2033
-0.2033
-0.2218
-0.2218
-0.2218
-0.2218
-0.2218
-0.2218
-0.2218
-0.2402
-0.2402
-0.2402
-0.2402
-0.2402
-0.2218
-0.2402
-0.2402
-0.2402
-0.2587
-0.2587
-0.2402
-0.2587
-0.2587
-0.2587
-0.2587
-0.2587
-0.2402
-0.2402
-0.2587
-0.2587
-0.2402
-0.2402
-0.2218
-0.2218
-0.2033
-0.1848
-0.1848
-0.1848
-0.1848
-0.1663
-0.1663
-0.1663
-0.1478
-0.1478
-0.1478
-0.1478
-0.1663
-0.1663
-0.1663
-0.1478
-0.1478
-0.1478
-0.1294
-0.1478
-0.1294
-0.1294
-0.1294
-0.1294
-0.1294
-0.1109
-0.1294
-0.1294
-0.1294
-0.1294
-0.1294
-0.1294
-0.1294
-0.1478
-0.1663
-0.1663
-0.1663
-0.1663
-0.1663
-0.1663
-0.1848
-0.1848
-0.1663
-0.1848
-0.1663
-0.1848
-0.1663
-0.1663
-0.1663
-0.1478
-0.1663
-0.1478
-0.1478
-0.1478
-0.1663
-0.1478
-0.1478
-0.1478
-0.1478
-0.1478
-0.1478
-0.1478
-0.1478
-0.1478
-0.1478
-0.1478
-0.1478
-0.1478
-0.1663
-0.1663
-0.1663
-0.1663
-0.1663
-0.1663
-0.1848
-0.1848
-0.1848
-0.1848
-0.1848
-0.1848
-0.1848
-0.1848
-0.1663
-0.1663
-0.1663
-0.1663
-0.1478
-0.1478
-0.1294
-0.1294
-0.1109
-0.1294
-0.1294
-0.1294
-0.1294
-0.1109
-0.1294
-0.1109
-0.1109
-0.1294
-0.1109
-0.1109
-0.1109
-0.1109
-0.1109
-0.0924
-0.1109
-0.1109
-0.1109
-0.0924
-0.0924
-0.0924
-0.0924
-0.0924
-0.0739
-0.0924
-0.0739
-0.0924
-0.0739
-0.0924
-0.0739
-0.0739
-0.0739
-0.0739
-0.0739
-0.0739
-0.0924
-0.0739
-0.0739
-0.0554
-0.0554
-0.0370
0.0000
0.0000
0.0185
0.0185
0.0185
0.0185
0.0370
0.0370
0.0370
0.0370
0.0370
0.0370
0.0554
0.0370
0.0554
0.0554
0.0554
0.0554
0.0554
0.0554
0.0554
0.0739
0.0554
0.0739
0.0739
0.0739
0.0739
0.0739
0.0739
0.0739
0.0739
0.0554
0.0739
0.0554
0.0554
0.0554
0.0554
0.0554
0.0554
0.0370
0.0370
0.0370
0.0185
0.0185
0.0185
0.0185
0.0000
0.0000
0.0000
0.0000
0.0000
-0.0185
0.0000
0.0000
0.0000
0.0000
0.0000
0.0000
0.0000
0.0000
0.0185
0.0185
0.0185
0.0185
0.0370
0.0370
0.0370
0.0370
0.0554
0.0554
0.0554
0.0554
0.0739
0.0554
0.0739
0.0739
0.0554
0.0554
0.0370
0.0370
0.0370
0.0185
0.0185
0.0185
0.0185
0.0185
0.0185
0.0185
0.0000
0.0185
0.0185
0.0000
0.0185
0.0185
0.0185
0.0000
0.0000
0.0185
0.0000
0.0000
0.0000
0.0000
0.0000
0.0000
0.0185
0.0000
0.0000
0.0185
0.0000
0.0000
0.0000
0.0000
0.0000
-0.0185
-0.0370
-0.0554
-0.0554
-0.0924
-0.1294
-0.0739
-0.0554
-0.0370
0.0000
0.0000
0.0370
0.0370
0.0554
0.0739
0.0739
0.0739
0.0739
0.0739
0.0924
0.0924
0.0924
0.0924
0.1109
0.0924
0.0924
0.0924
0.1109
0.0924
0.1109
0.0924
0.1109
0.1109
0.1109
0.1109
0.1109
0.1109
0.1109
0.1109
0.1109
0.1294
0.1294
0.1294
0.1109
0.1109
0.1109
0.1109
0.1294
0.1109
0.0924
0.0739
0.0739
0.0554
0.0554
0.0554
0.0370
0.0370
0.0185
0.0370
0.0185
0.0185
0.0185
0.0000
0.0000
-0.0185
-0.0185
-0.0185
-0.0185
-0.0185
-0.0185
-0.0185
0.0000
-0.0185
-0.0185
-0.0370
-0.0554
-0.0739
-0.0739
-0.0739
-0.0739
-0.0924
-0.0739
-0.0739
-0.0739
-0.0739
-0.0739
-0.0739
-0.0739
-0.0924
-0.0739
-0.0739
-0.0739
-0.0739
-0.0924
-0.0924
-0.0924
-0.0924
-0.0739
-0.0924
-0.0924
-0.0739
-0.0739
-0.0739
-0.0924
-0.0739
-0.0739
-0.0739
-0.0924
-0.0739
-0.0739
-0.0924
-0.0739
-0.0739
-0.0739
-0.0739
-0.0739
-0.0739
-0.0924
-0.0924
-0.0924
-0.1109
-0.1294
-0.1478
-0.1478
-0.1294
-0.1294
-0.0924
-0.0739
-0.0370
0.0000
0.0185
0.0000
0.0185
0.0185
0.0185
0.0185
0.0185
0.0370
0.0370
0.0370
0.0370
0.0370
0.0554
0.0554
0.0554
0.0554
0.0554
0.0554
0.0739
0.0554
0.0554
0.0739
0.0739
0.0739
0.0739
0.0924
0.0739
0.0739
0.0739
0.0739
0.0739
0.0554
0.0554
0.0554
0.0554
0.0554
0.0554
0.0370
0.0185
0.0185
0.0185
0.0185
0.0000
0.0000
0.0000
0.0000
-0.0185
-0.0185
-0.0370
-0.0370
-0.0370
-0.0370
-0.0370
-0.0370
-0.0370
-0.0370
-0.0370
-0.0370
-0.0185
-0.0370
-0.0554
-0.0554
-0.0739
-0.0924
-0.0924
-0.0924
-0.0924
-0.1109
-0.1109
-0.1109
-0.1294
-0.1109
-0.1109
-0.1109
-0.1109
-0.1109
-0.1109
-0.1294
-0.1109
-0.1109
-0.1109
-0.1109
-0.1109
-0.1109
-0.1109
-0.1109
-0.1109
-0.0924
-0.0924
-0.0924
-0.0924
-0.0924
-0.0924
-0.0924
-0.0924
-0.0739
-0.0739
-0.0554
-0.0554
-0.0554
-0.0554
-0.0554
-0.0554
-0.0554
-0.0739
-0.0739
-0.0739
-0.0739
-0.0739
-0.0924
-0.0739
-0.0554
-0.0185
-0.0185
-0.0185
-0.0185
-0.0185
-0.0185
-0.0185
0.0000
0.0000
0.0000
0.0000
0.0000
0.0000
0.0185
0.0000
0.0000
0.0185
0.0185
0.0185
0.0185
0.0000
0.0000
0.0000
0.0000
-0.0185
-0.0185
-0.0185
-0.0185
-0.0370
-0.0370
-0.0370
-0.0370
-0.0370
-0.0554
-0.0370
-0.0370
-0.0370
-0.0554
-0.0554
-0.0554
-0.0554
-0.0554
-0.0554
-0.0554
-0.0554
-0.0739
-0.0554
-0.0554
-0.0554
-0.0554
-0.0554
-0.0554
-0.0739
-0.0554
-0.0554
-0.0554
-0.0554
-0.0554
-0.0554
-0.0739
-0.0554
-0.0739
-0.0554
-0.0554
-0.0554
-0.0370
-0.0554
-0.0370
-0.0554
-0.0370
-0.0370
-0.0185
-0.0185
-0.0185
-0.0185
-0.0185
-0.0185
-0.0185
0.0000
0.0000
0.0000
-0.0185
-0.0185
-0.0185
-0.0185
-0.0185
-0.0185
-0.0185
-0.0185
-0.0185
-0.0185
-0.0185
-0.0185
-0.0185
-0.0185
-0.0185
-0.0185
-0.0185
-0.0185
-0.0185
-0.0185
-0.0185
-0.0185
-0.0370
-0.0370
-0.0185
-0.0185
-0.0185
-0.0185
-0.0370
-0.0370
-0.0185
-0.0370
-0.0554
-0.0370
-0.0370
-0.0370
-0.0370
-0.0370
-0.0370
-0.0370
-0.0370
-0.0370
-0.0185
-0.0370
-0.0185
-0.0185
-0.0185
-0.0370
